  -0.999887 6.33194e-05  -0.0150542     527.167
          0    0.999991  0.00420606    -99.8032
  0.0150543  0.00420559   -0.999878     59.4056
          0           0           0           1
  -0.999872 5.38085e-05  -0.0159893     527.209
          0    0.999994  0.00336527    -100.313
  0.0159893  0.00336484   -0.999867     59.3889
          0           0           0           1
  -0.999882 3.78013e-05  -0.0153609     527.249
          0    0.999997  0.00246087    -100.822
   0.015361  0.00246058   -0.999879     59.3806
          0           0           0           1
  -0.999875 1.63127e-05  -0.0158335      527.29
          0    0.999999  0.00103026    -101.331
  0.0158335  0.00103013   -0.999874     59.3735
          0           0           0           1
  -0.999855 2.73186e-06  -0.0170044     527.332
          0           1 0.000160656     -101.84
  0.0170044 0.000160633   -0.999855     59.3706
          0           0           0           1
   -0.999837 -1.58166e-05    -0.018076      527.374
           0            1 -0.000875006     -102.349
    0.018076 -0.000874863    -0.999836       59.367
           0            0            0            1
   -0.999812 -5.42391e-05   -0.0194061      527.416
           0     0.999996  -0.00279493     -102.857
   0.0194062  -0.00279441    -0.999808      59.3658
           0            0            0            1
   -0.999789 -8.33819e-05   -0.0205261      527.458
           0     0.999992  -0.00406221     -103.366
   0.0205262  -0.00406136    -0.999781      59.3644
           0            0            0            1
   -0.999757 -9.83996e-05   -0.0220336      527.501
           0      0.99999  -0.00446584     -103.876
   0.0220338  -0.00446476    -0.999747      59.3536
           0            0            0            1
  -0.999726 -0.00012978  -0.0234045     527.543
          0    0.999985 -0.00554501    -104.385
  0.0234049 -0.00554349   -0.999711     59.3435
          0           0           0           1
   -0.999669 -0.000196188   -0.0257115      527.586
           0     0.999971  -0.00763015     -104.893
   0.0257122  -0.00762762     -0.99964       59.327
           0            0            0            1
   -0.999581 -0.000231468   -0.0289365       527.63
           0     0.999968  -0.00799894     -105.403
   0.0289374  -0.00799559    -0.999549      59.3214
           0            0            0            1
   -0.999524 -0.000288372   -0.0308536      527.673
           0     0.999956  -0.00934607     -105.912
   0.0308549  -0.00934162     -0.99948      59.3127
           0            0            0            1
    -0.99939 -0.000355267   -0.0349143      527.718
           0     0.999948   -0.0101749     -106.421
   0.0349161   -0.0101687    -0.999339      59.3052
           0            0            0            1
   -0.999341 -0.000329076   -0.0362993       527.76
           0     0.999959  -0.00906526     -106.933
   0.0363008  -0.00905929      -0.9993      59.3021
           0            0            0            1
   -0.999233 -0.000388229   -0.0391456      527.803
           0     0.999951  -0.00991708     -107.442
   0.0391475  -0.00990947    -0.999184      59.3005
           0            0            0            1
    -0.99903 -0.000400593   -0.0440309      527.849
           0     0.999959  -0.00909762     -107.953
   0.0440327   -0.0090888    -0.998989         59.3
           0            0            0            1
  -0.998922 -0.00049084  -0.0464201     527.892
          0    0.999944  -0.0105733    -108.462
  0.0464227  -0.0105619   -0.998866     59.3003
          0           0           0           1
   -0.998651 -0.000582891   -0.0519134      527.939
           0     0.999937   -0.0112274     -108.971
   0.0519166   -0.0112123    -0.998588      59.3009
           0            0            0            1
  -0.998452  -0.0005059  -0.0556098     527.983
          0    0.999959 -0.00909694    -109.484
  0.0556121 -0.00908287   -0.998411      59.301
          0           0           0           1
   -0.998208 -0.000663878   -0.0598414      528.028
           0     0.999938   -0.0110933     -109.992
   0.0598451   -0.0110734    -0.998146      59.3012
           0            0            0            1
   -0.997777 -0.000738095   -0.0666306      528.076
           0     0.999939   -0.0110767     -110.502
   0.0666347   -0.0110521    -0.997716      59.3017
           0            0            0            1
  -0.997518 -0.00071619  -0.0704078      528.12
          0    0.999948  -0.0101715    -111.013
  0.0704114  -0.0101463   -0.997466      59.302
          0           0           0           1
   -0.997013 -0.000644702   -0.0772286      528.168
           0     0.999965  -0.00834769     -111.525
   0.0772313  -0.00832275    -0.996978      59.2798
           0            0            0            1
     -0.9963 -3.34714e-05   -0.0859387      528.218
           0            1  -0.00038948     -112.043
   0.0859387  -0.00038804      -0.9963      59.2719
           0            0            0            1
  -0.995702 0.000402218  -0.0926193     528.265
          0    0.999991  0.00434266    -112.558
  0.0926202  0.00432399   -0.995692     59.2529
          0           0           0           1
 -0.995082 0.00117978 -0.0990484    528.312
         0   0.999929  0.0119103   -113.076
 0.0990554  0.0118517  -0.995011     59.231
         0          0          0          1
 -0.994539 0.00179075  -0.104354    528.358
         0   0.999853  0.0171577   -113.592
   0.10437   0.017064  -0.994392    59.2184
         0          0          0          1
 -0.993678 0.00300944  -0.112227    528.407
         0   0.999641  0.0268059   -114.111
  0.112268  0.0266364  -0.993321    59.2113
         0          0          0          1
 -0.992375 0.00494352  -0.123154    528.459
         0   0.999195  0.0401085   -114.635
  0.123254  0.0398027  -0.991577    59.1966
         0          0          0          1
 -0.991992 0.00532842   -0.12619    528.503
         0    0.99911  0.0421879   -115.147
  0.126302  0.0418501  -0.991109    59.1862
         0          0          0          1
  -0.99162 0.00548928  -0.129069    528.546
         0   0.999097  0.0424914   -115.658
  0.129186  0.0421353  -0.990725    59.1665
         0          0          0          1
 -0.991641 0.00546851  -0.128915    528.587
         0   0.999102  0.0423812   -116.168
  0.129031   0.042027   -0.99075    59.1601
         0          0          0          1
 -0.99168 0.0057875 -0.128595   528.628
        0  0.998989 0.0449602  -116.681
 0.128725 0.0445861 -0.990678   59.1489
        0         0         0         1
 -0.991549 0.00612565   -0.12959    528.669
         0   0.998885  0.0472167   -117.193
  0.129735  0.0468177  -0.990443    59.1212
         0          0          0          1
 -0.991603 0.00620532  -0.129171     528.71
         0   0.998848  0.0479844   -117.704
   0.12932  0.0475815  -0.990461    59.0608
         0          0          0          1
 -0.991615 0.00618587   -0.12908    528.751
         0   0.998854   0.047868   -118.214
  0.129228  0.0474666  -0.990478    59.0306
         0          0          0          1
-0.991534 0.0064028 -0.129691   528.792
        0  0.998784 0.0493096  -118.726
 0.129849 0.0488921 -0.990328   58.9861
        0         0         0         1
 -0.991566 0.00640651  -0.129448    528.833
         0   0.998778  0.0494306   -119.236
  0.129606  0.0490137  -0.990353    58.9714
         0          0          0          1
 -0.991591 0.00647405  -0.129253    528.873
         0   0.998748  0.0500256   -119.747
  0.129415  0.0496049  -0.990349    58.8988
         0          0          0          1
 -0.991648 0.00647405  -0.128813    528.914
         0   0.998739  0.0501959   -120.257
  0.128976  0.0497767  -0.990398    58.8898
         0          0          0          1
 -0.991683 0.00649707  -0.128544    528.954
         0   0.998725  0.0504791   -120.768
  0.128708  0.0500592  -0.990418    58.8282
         0          0          0          1
 -0.991645 0.00660928  -0.128825    528.995
         0   0.998687   0.051237   -121.279
  0.128994   0.050809  -0.990343    58.7398
         0          0          0          1
 -0.991641 0.00694752  -0.128837    529.036
         0   0.998549  0.0538464   -121.792
  0.129025  0.0533964  -0.990203    58.6719
         0          0          0          1
 -0.991641 0.00694752  -0.128837    529.077
         0   0.998549  0.0538464   -122.302
  0.129025  0.0533964  -0.990203    58.5669
         0          0          0          1
 -0.991641 0.00709082   -0.12883    529.118
         0   0.998489  0.0549569   -122.813
  0.129025  0.0544975  -0.990143      58.47
         0          0          0          1
 -0.991641 0.00709082   -0.12883    529.158
         0   0.998489  0.0549569   -123.323
  0.129025  0.0544975  -0.990143     58.319
         0          0          0          1
 -0.991648 0.00707741  -0.128779    529.199
         0   0.998493  0.0548749   -123.833
  0.128974  0.0544166  -0.990154    58.2974
         0          0          0          1
 -0.991679 0.00715483  -0.128533     529.24
         0   0.998454  0.0555794   -124.344
  0.128732   0.055117  -0.990147     58.188
         0          0          0          1
 -0.991679 0.00715483  -0.128533    529.281
         0   0.998454  0.0555794   -124.855
  0.128732   0.055117  -0.990147    58.1144
         0          0          0          1
 -0.991679 0.00715483  -0.128533    529.281
         0   0.998454  0.0555794   -124.855
  0.128732   0.055117  -0.990147    58.1144
         0          0          0          1
 -0.991543 0.00750897  -0.129565    529.682
         0   0.998325  0.0578583   -124.554
  0.129782   0.057369  -0.989882    58.1432
         0          0          0          1
 -0.991421 0.00788855  -0.130469    530.083
         0   0.998177  0.0603526   -124.254
  0.130708  0.0598349  -0.989614    58.0932
         0          0          0          1
 -0.991183 0.00827867  -0.132243    530.484
         0   0.998046  0.0624796   -123.954
  0.132502  0.0619287  -0.989246    58.0088
         0          0          0          1
 -0.991034 0.00848412  -0.133342    530.885
         0   0.997982  0.0634982   -123.653
  0.133612  0.0629289  -0.989034    57.9892
         0          0          0          1
 -0.990875 0.00872267  -0.134503    531.287
         0   0.997904  0.0647153   -123.351
  0.134785  0.0641247  -0.988798    57.8854
         0          0          0          1
  -0.99061 0.00917779   -0.13641    531.688
         0   0.997744   0.067129   -123.051
  0.136719  0.0664986  -0.988375    57.8886
         0          0          0          1
  -0.99057 0.00944919  -0.136683    532.089
         0   0.997619  0.0689678   -122.751
  0.137009  0.0683174  -0.988211    57.8629
         0          0          0          1
 -0.990385 0.00963576  -0.138001     532.49
         0   0.997571  0.0696543   -122.449
  0.138337  0.0689846   -0.98798    57.9035
         0          0          0          1
-0.990142 0.0103101 -0.139687   532.892
        0  0.997287 0.0736082  -122.151
 0.140067 0.0728826 -0.987456   57.8918
        0         0         0         1
-0.990099  0.010377 -0.139985   533.292
        0  0.997264 0.0739264  -121.849
 0.140369 0.0731945  -0.98739   57.8776
        0         0         0         1
-0.989791 0.0107138  -0.14212   533.694
        0  0.997171 0.0751722  -121.547
 0.142523 0.0744048 -0.986991   57.8653
        0         0         0         1
-0.989328 0.0112506 -0.145268   534.097
        0  0.997014 0.0772157  -121.247
 0.145703 0.0763917 -0.986375   57.9095
        0         0         0         1
-0.989546 0.0114821 -0.143757   534.496
        0  0.996825 0.0796178  -120.947
 0.144215 0.0787855 -0.986405   57.8264
        0         0         0         1
 -0.98928 0.0118513 -0.145551   534.898
        0  0.996701 0.0811551  -120.646
 0.146032 0.0802851 -0.986017   57.8332
        0         0         0         1
-0.988951 0.0121127 -0.147747     535.3
        0  0.996656 0.0817084  -120.344
 0.148243 0.0808056 -0.985644   57.7767
        0         0         0         1
-0.989378 0.0121197 -0.144861   535.697
        0  0.996518 0.0833733  -120.043
 0.145367 0.0824877 -0.985933   57.8009
        0         0         0         1
-0.989331  0.012565 -0.145141   536.097
        0  0.996274 0.0862488  -119.744
 0.145683 0.0853286 -0.985645   57.8015
        0         0         0         1
-0.989335 0.0129901 -0.145077   536.497
        0  0.996015 0.0891826  -119.444
 0.145657 0.0882315 -0.985393   57.7273
        0         0         0         1
-0.988813 0.0137128  -0.14853   536.901
        0  0.995765 0.0919319  -119.145
 0.149162 0.0909035 -0.984625   57.7026
        0         0         0         1
-0.988611 0.0139097 -0.149846   537.302
        0  0.995719 0.0924289  -118.843
  0.15049 0.0913763  -0.98438   57.7048
        0         0         0         1
-0.988548 0.0143081 -0.150229   537.702
        0  0.995495 0.0948132  -118.543
 0.150909 0.0937273 -0.984094    57.675
        0         0         0         1
-0.988213 0.0152527 -0.152324   538.104
        0  0.995024 0.0996355  -118.245
 0.153085 0.0984611 -0.983296    57.626
        0         0         0         1
-0.987739 0.0161185 -0.155279   538.507
        0  0.994656  0.103249  -117.946
 0.156113  0.101983  -0.98246   57.6014
        0         0         0         1
-0.987432 0.0169565  -0.15713   538.909
        0  0.994228  0.107291  -117.648
 0.158042  0.105942 -0.981733   57.5545
        0         0         0         1
-0.986861 0.0180432 -0.160564   539.313
        0  0.993745  0.111671   -117.35
 0.161575  0.110204 -0.980688   57.5547
        0         0         0         1
-0.986285 0.0193904 -0.163907   539.716
        0  0.993075  0.117482  -117.053
  0.16505  0.115871 -0.979455   57.5385
        0         0         0         1
-0.986251  0.019536 -0.164098   540.116
        0  0.992988  0.118216  -116.751
 0.165257   0.11659 -0.979335   57.5338
        0         0         0         1
-0.985648 0.0206826  -0.16754    540.52
        0  0.992466  0.122518  -116.453
 0.168812   0.12076 -0.978223    57.535
        0         0         0         1
-0.985194 0.0214234   -0.1701   540.922
        0  0.992162  0.124959  -116.153
 0.171444  0.123108 -0.977472   57.5162
        0         0         0         1
-0.985256 0.0217742 -0.169697   541.322
        0  0.991868  0.127268  -115.853
 0.171088  0.125392 -0.977244   57.5107
        0         0         0         1
-0.985301 0.0223477 -0.169357   541.721
        0  0.991406  0.130822  -115.554
 0.170825  0.128899 -0.976834   57.5129
        0         0         0         1
-0.985038 0.0229462   -0.1708   542.123
        0  0.991096  0.133149  -115.254
 0.172335  0.131157 -0.976268    57.511
        0         0         0         1
-0.985072 0.0232521 -0.170566   542.523
        0  0.990836  0.135074  -114.954
 0.172143  0.133058 -0.976044   57.5115
        0         0         0         1
-0.984922 0.0237383 -0.171361   542.923
        0  0.990541  0.137217  -114.653
 0.172998  0.135148 -0.975606   57.5107
        0         0         0         1
-0.984993 0.0237416 -0.170952   543.323
        0  0.990494  0.137559  -114.351
 0.172593  0.135494  -0.97563   57.4307
        0         0         0         1
-0.984633 0.0245554 -0.172899   543.725
        0  0.990065   0.14061  -114.052
 0.174634   0.13845 -0.974851   57.4699
        0         0         0         1
-0.984664 0.0245788 -0.172724   544.125
        0  0.990026  0.140881   -113.75
 0.174464  0.138721 -0.974843   57.2789
        0         0         0         1
-0.984524  0.025337 -0.173411   544.525
        0  0.989494  0.144575  -113.451
 0.175252  0.142337  -0.97418   57.0355
        0         0         0         1
-0.984344 0.0257705 -0.174366   544.926
        0  0.989254  0.146207   -113.15
  0.17626  0.143918 -0.973766   56.9259
        0         0         0         1
-0.984482 0.0257847 -0.173582   545.326
        0  0.989147  0.146932  -112.848
 0.175487  0.144652 -0.973797   56.7827
        0         0         0         1
-0.984439 0.0262725 -0.173751   545.726
        0   0.98876  0.149508  -112.548
 0.175726  0.147182 -0.973374   56.5062
        0         0         0         1
-0.984497 0.0263181 -0.173414   546.125
        0  0.988679  0.150046  -112.247
   0.1754   0.14772 -0.973352   56.4704
        0         0         0         1
-0.984913 0.0263871 -0.171026   546.523
        0  0.988306  0.152483  -111.947
  0.17305  0.150182 -0.973396   56.3542
        0         0         0         1
-0.984762 0.0274432 -0.171729   546.924
        0  0.987471  0.157803  -111.649
 0.173908  0.155398 -0.972423   56.2588
        0         0         0         1
-0.985077 0.0272159 -0.169946   547.322
        0  0.987418  0.158129  -111.347
 0.172112  0.155769 -0.972684   56.4241
        0         0         0         1
-0.985399 0.0272039 -0.168077    547.72
        0  0.987153  0.159775  -111.047
 0.170264  0.157442  -0.97274    56.445
        0         0         0         1
-0.985677 0.0276302 -0.166365   548.118
        0  0.986487  0.163837  -110.748
 0.168644  0.161491 -0.972358   56.3215
        0         0         0         1
-0.985851 0.0278616  -0.16529   548.517
        0  0.986089  0.166217  -110.448
 0.167622  0.163865 -0.972137   56.4329
        0         0         0         1
-0.986226 0.0278898 -0.163035   548.915
        0  0.985682  0.168617  -110.148
 0.165403  0.166294 -0.972105   56.5994
        0         0         0         1
-0.986869 0.0273453  -0.15919   549.311
        0  0.985565  0.169299  -109.846
 0.161521  0.167075 -0.972624   56.5624
        0         0         0         1
-0.987045 0.0274915 -0.158073    549.71
        0  0.985211  0.171345  -109.546
 0.160446  0.169125 -0.972447   56.5117
        0         0         0         1
-0.987375 0.0275254 -0.155988   550.108
        0  0.984786  0.173774  -109.246
 0.158398   0.17158 -0.972353   56.4896
        0         0         0         1
-0.987542 0.0277679 -0.154884   550.507
        0  0.984306  0.176469  -108.946
 0.157353   0.17427 -0.972044   56.4105
        0         0         0         1
-0.987807 0.0278897 -0.153165   550.905
        0  0.983823  0.179143  -108.646
 0.155684  0.176959 -0.971827   56.2561
        0         0         0         1
 -0.98813 0.0278852 -0.151069   551.303
        0  0.983387  0.181519  -108.346
 0.153621  0.179364 -0.971714   56.3557
        0         0         0         1
-0.988391 0.0274525 -0.149431   551.701
        0   0.98354   0.18069  -108.043
 0.151931  0.178592 -0.972122    56.144
        0         0         0         1
-0.988663 0.0271387  -0.14768     552.1
        0  0.983531  0.180741  -107.741
 0.150153  0.178692  -0.97238   56.1785
        0         0         0         1
-0.988973 0.0267694 -0.145659   552.498
        0  0.983528  0.180755  -107.438
 0.148098  0.178762 -0.972683   56.3066
        0         0         0         1
-0.989382 0.0264061 -0.142917   552.895
        0  0.983356  0.181691  -107.137
 0.145336  0.179762 -0.972915    56.325
        0         0         0         1
-0.989797 0.0260869 -0.140077   553.292
        0  0.983097  0.183085  -106.836
 0.142485  0.181217 -0.973066   56.3421
        0         0         0         1
 -0.98999  0.026088 -0.138703   553.691
        0  0.982768  0.184844  -106.535
 0.141135  0.182994 -0.972931   56.3661
        0         0         0         1
-0.990467  0.025256 -0.135417   554.087
        0  0.983049  0.183343  -106.231
 0.137752  0.181596 -0.973677    56.306
        0         0         0         1
 -0.99067 0.0249371 -0.133978   554.486
        0  0.983116  0.182985  -105.928
 0.136279  0.181278 -0.973944   56.2139
        0         0         0         1
-0.990901  0.024868 -0.132274   554.884
        0  0.982782  0.184766  -105.628
 0.134591  0.183085  -0.97384   56.3112
        0         0         0         1
-0.991119 0.0247166 -0.130662   555.283
        0  0.982575  0.185868  -105.326
 0.132979  0.184218 -0.973848   56.2892
        0         0         0         1
-0.991627 0.0237004 -0.126945   555.679
        0  0.983015  0.183527  -105.022
 0.129138  0.181991 -0.974783   56.2505
        0         0         0         1
-0.992142 0.0230352 -0.122978   556.075
        0  0.982906   0.18411   -104.72
 0.125117  0.182663 -0.975182   56.2571
        0         0         0         1
-0.992253 0.0230156 -0.122085   556.474
        0   0.98269  0.185258  -104.418
 0.124236  0.183823 -0.975077   56.4467
        0         0         0         1
-0.992642 0.0220897 -0.119058   556.871
        0   0.98322  0.182424  -104.113
  0.12109  0.181081 -0.975985   56.2797
        0         0         0         1
 -0.99309 0.0213627 -0.115391   557.267
        0  0.983291   0.18204   -103.81
 0.117352  0.180782 -0.976497   56.3392
        0         0         0         1
-0.993468 0.0205062 -0.112257   557.664
        0  0.983722  0.179698  -103.505
 0.114115  0.178525 -0.977296    56.241
        0         0         0         1
-0.993746 0.0200292 -0.109849   558.062
        0   0.98378  0.179377  -103.203
  0.11166  0.178255 -0.977628   56.4846
        0         0         0         1
-0.994143 0.0189844 -0.106388   558.458
        0  0.984449   0.17567  -102.897
 0.108068  0.174641 -0.978684    56.489
        0         0         0         1
-0.994643 0.0177841 -0.101833   558.854
        0  0.985091  0.172035  -102.591
 0.103374  0.171114 -0.979813   56.5622
        0         0         0         1
-0.994695 0.0174528 -0.101374   559.253
        0  0.985502  0.169666  -102.286
 0.102865  0.168766 -0.980274   56.6266
        0         0         0         1
 -0.995016  0.0166939 -0.0983092     559.65
         0   0.985887   0.167413   -101.981
 0.0997165   0.166579  -0.980973    56.8345
         0          0          0          1
 -0.995008  0.0165088 -0.0984245     560.05
         0   0.986223    0.16542   -101.677
 0.0997994   0.164594    -0.9813    56.8539
         0          0          0          1
 -0.995036   0.015891 -0.0982387     560.45
         0   0.987168   0.159684   -101.368
 0.0995157   0.158891  -0.982268    56.9002
         0          0          0          1
  -0.99522  0.0155445 -0.0964118    560.848
         0    0.98725   0.159175   -101.065
 0.0976569   0.158414  -0.982532    56.8972
         0          0          0          1
 -0.995501  0.0143745 -0.0936542    561.246
         0   0.988425   0.151708   -100.756
 0.0947509   0.151026  -0.983978     56.907
         0          0          0          1
 -0.995449  0.0144349 -0.0941966    561.646
         0   0.988461   0.151475   -100.453
 0.0952962   0.150785  -0.983963    56.9476
         0          0          0          1
 -0.995455  0.0140454 -0.0941904    562.046
         0   0.989064   0.147487   -100.146
 0.0952318   0.146816  -0.984569    57.0273
         0          0          0          1
 -0.995674  0.0129888 -0.0920032    562.444
         0   0.990181   0.139792   -99.8363
 0.0929155   0.139187  -0.985897    57.0278
         0          0          0          1
 -0.995411  0.0135004 -0.0947397    562.847
         0   0.989999   0.141075   -99.5352
 0.0956967   0.140427  -0.985455    57.0431
         0          0          0          1
 -0.995404  0.0130638 -0.0948716    563.247
         0   0.990652   0.136413   -99.2281
 0.0957668   0.135786  -0.986099    57.0994
         0          0          0          1
 -0.995256  0.0132548 -0.0963853    563.648
         0   0.990676   0.136237   -98.9254
 0.0972925   0.135591  -0.985976    57.0489
         0          0          0          1
   -0.9952  0.0131425 -0.0969766    564.049
         0   0.990941   0.134294   -98.6211
 0.0978631    0.13365  -0.986185     57.028
         0          0          0          1
 -0.995057  0.0132309 -0.0984174     564.45
         0   0.991084   0.133238   -98.3176
 0.0993027    0.13258  -0.986185    57.0879
         0          0          0          1
-0.994856 0.0133141 -0.100423   564.852
        0  0.991325   0.13143  -98.0133
 0.101302  0.130754 -0.986226   57.1119
        0         0         0         1
-0.994693 0.0134142 -0.102007   565.254
        0  0.991464   0.13038  -97.7098
 0.102885  0.129688 -0.986203   57.0502
        0         0         0         1
 -0.99443 0.0135007 -0.104533   565.657
        0  0.991763  0.128089  -97.4051
 0.105401  0.127376 -0.986238   57.1519
        0         0         0         1
-0.994264 0.0136362 -0.106077   566.058
        0  0.991838  0.127501  -97.1021
  0.10695   0.12677  -0.98615   57.1732
        0         0         0         1
-0.993981 0.0138375 -0.108676   566.461
        0  0.991991  0.126308  -96.7984
 0.109553  0.125548  -0.98602   57.1402
        0         0         0         1
-0.993902 0.0137316 -0.109407   566.861
        0  0.992215  0.124533  -96.4942
 0.110265  0.123774 -0.986165   57.1576
        0         0         0         1
-0.993588 0.0138918 -0.112207   567.264
        0  0.992423  0.122868  -96.1901
 0.113063   0.12208 -0.986059   57.1565
        0         0         0         1
-0.993213 0.0143022 -0.115428   567.667
        0  0.992411  0.122966  -95.8878
  0.11631  0.122131 -0.985675   57.1674
        0         0         0         1
-0.993202 0.0140661 -0.115549   568.068
        0  0.992672  0.120841  -95.5832
 0.116402   0.12002 -0.985924   57.1311
        0         0         0         1
-0.992913 0.0142283  -0.11799    568.47
        0  0.992808  0.119722  -95.2797
 0.118845  0.118873 -0.985771   57.1601
        0         0         0         1
-0.992777 0.0142849 -0.119122   568.871
        0  0.992886  0.119065  -94.9766
 0.119975  0.118205 -0.985715   57.1544
        0         0         0         1
-0.992754 0.0141835 -0.119326   569.271
        0   0.99301  0.118032  -94.6731
 0.120166  0.117177 -0.985814   57.1053
        0         0         0         1
-0.992676 0.0140853 -0.119985   569.672
        0   0.99318  0.116592  -94.3692
 0.120808  0.115738 -0.985906   57.0905
        0         0         0         1
-0.992511 0.0143549 -0.121308   570.073
        0  0.993071  0.117514  -94.0677
 0.122154  0.116634 -0.985634   57.0796
        0         0         0         1
-0.992727 0.0141448 -0.119555   570.472
        0  0.993074  0.117492  -93.7652
 0.120389  0.116638 -0.985851   56.9854
        0         0         0         1
-0.992617 0.0142655 -0.120453   570.872
        0   0.99306  0.117611  -93.4629
 0.121295  0.116742 -0.985728   56.9796
        0         0         0         1
-0.992447 0.0146155 -0.121798   571.274
        0  0.992877  0.119143   -93.162
 0.122671  0.118244 -0.985378   56.8982
        0         0         0         1
-0.992686 0.0144869 -0.119856   571.672
        0  0.992774  0.119996  -92.8604
 0.120728  0.119118 -0.985513   56.7822
        0         0         0         1
-0.992795 0.0143927 -0.118954   572.071
        0   0.99276  0.120118  -92.5581
 0.119822  0.119252 -0.985607   56.8387
        0         0         0         1
-0.992664 0.0148546 -0.119988   572.472
        0  0.992424  0.122862  -92.2584
 0.120904  0.121961 -0.985143   56.8279
        0         0         0         1
-0.992773 0.0148194 -0.119086   572.871
        0  0.992346  0.123491  -91.9566
 0.120005  0.122598 -0.985174   56.6768
        0         0         0         1
-0.992723  0.015075 -0.119471   573.272
        0  0.992133  0.125188  -91.6559
 0.120419  0.124277 -0.984913   56.6605
        0         0         0         1
-0.992755 0.0151309 -0.119203   573.671
        0   0.99204  0.125923  -91.3542
  0.12016  0.125011 -0.984852   56.6108
        0         0         0         1
-0.992812 0.0151252 -0.118727   574.071
        0  0.991983  0.126373  -91.0522
 0.119687  0.125464 -0.984852   56.4829
        0         0         0         1
-0.992908 0.0151425 -0.117917    574.47
        0  0.991855  0.127371  -90.7507
 0.118885  0.126468 -0.984821   56.4533
        0         0         0         1
-0.992941 0.0153534 -0.117609    574.87
        0  0.991586  0.129448  -90.4504
 0.118607  0.128534 -0.984587   56.4377
        0         0         0         1
-0.993059 0.0152467 -0.116628   575.269
        0  0.991563  0.129627  -90.1481
  0.11762  0.128727  -0.98468   56.3503
        0         0         0         1
 -0.99322 0.0151049 -0.115268   575.667
        0  0.991523  0.129931   -89.846
 0.116253   0.12905   -0.9848   56.3098
        0         0         0         1
-0.993402 0.0149733   -0.1137   576.066
        0   0.99144  0.130564  -89.5442
 0.114682  0.129702 -0.984899   56.2812
        0         0         0         1
-0.993502 0.0148922 -0.112835   576.465
        0  0.991402  0.130848   -89.242
 0.113813  0.129997 -0.984961   56.1224
        0         0         0         1
-0.993615 0.0149616 -0.111831   576.864
        0  0.991169  0.132606  -88.9413
 0.112828  0.131759  -0.98484    56.091
        0         0         0         1
-0.993762 0.0148299 -0.110534   577.263
        0   0.99112  0.132974  -88.6393
 0.111525  0.132144 -0.984937   56.1237
        0         0         0         1
-0.993945 0.0147235 -0.108888   577.661
        0  0.990982  0.133998  -88.3378
 0.109879  0.133187 -0.984981   55.9897
        0         0         0         1
-0.994092  0.014489 -0.107574    578.06
        0  0.991051  0.133484  -88.0349
 0.108545  0.132695 -0.985195   56.0124
        0         0         0         1
-0.994376 0.0141601  -0.10496   578.457
        0  0.991022  0.133698  -87.7327
 0.105911  0.132946 -0.985448   56.1823
        0         0         0         1
-0.994677 0.0138596 -0.102102   578.854
        0  0.990912  0.134509   -87.431
 0.103039  0.133793 -0.985638    56.137
        0         0         0         1
 -0.995135  0.0132308 -0.0976317     579.25
         0   0.990942    0.13429   -87.1284
 0.0985241   0.133636  -0.986121    56.1113
         0          0          0          1
 -0.995334  0.0130692 -0.0956013    579.648
         0   0.990785   0.135446   -86.8271
 0.0964905   0.134814  -0.986162    56.1833
         0          0          0          1
 -0.995661  0.0127133 -0.0921852    580.044
         0   0.990624   0.136618   -86.5258
 0.0930577   0.136025  -0.986325    56.2256
         0          0          0          1
 -0.995983  0.0122768 -0.0886925    580.441
         0   0.990556   0.137112   -86.2239
 0.0895382   0.136561  -0.986577    56.2156
         0          0          0          1
 -0.996258  0.0118129 -0.0856137    580.838
         0   0.990615   0.136684    -85.921
 0.0864249   0.136173  -0.986908    56.2619
         0          0          0          1
 -0.996666  0.0111053 -0.0808262    581.233
         0   0.990693   0.136119    -85.618
 0.0815855   0.135665   -0.98739    56.4783
         0          0          0          1
 -0.996838  0.0108922 -0.0787155    581.631
         0   0.990562   0.137068   -85.3165
 0.0794655   0.136634  -0.987429    56.5666
         0          0          0          1
 -0.997063  0.0106092 -0.0758478    582.028
         0   0.990359   0.138526   -85.0155
 0.0765862   0.138119   -0.98745    56.5629
         0          0          0          1
 -0.997242  0.0103249 -0.0734941    582.426
         0   0.990276    0.13912   -84.7137
 0.0742158   0.138736  -0.987545    56.5417
         0          0          0          1
 -0.997437 0.00993855 -0.0708618    582.823
         0   0.990307   0.138893    -84.411
 0.0715553   0.138537  -0.987769    56.5862
         0          0          0          1
 -0.997696 0.00918324 -0.0672198    583.219
         0   0.990797   0.135358   -84.1051
 0.0678442   0.135046  -0.988514    56.7854
         0          0          0          1
 -0.997849 0.00881566 -0.0649562    583.617
         0   0.990916   0.134484   -83.8017
 0.0655517   0.134195  -0.988784    56.8188
         0          0          0          1
 -0.997905 0.00873794 -0.0641064    584.016
         0   0.990838   0.135055   -83.4999
 0.0646992   0.134772  -0.988762    56.8544
         0          0          0          1
  -0.99799 0.00850484 -0.0627971    584.415
         0   0.990953   0.134208   -83.1966
 0.0633704   0.133939  -0.988961    56.8661
         0          0          0          1
 -0.998144 0.00807453  -0.060366    584.812
         0   0.991172   0.132579   -82.8925
 0.0609037   0.132333  -0.989333    56.8815
         0          0          0          1
 -0.998284 0.00748115 -0.0580851     585.21
         0   0.991808   0.127741   -82.5852
 0.0585648   0.127522  -0.990105    56.9204
         0          0          0          1
 -0.998321 0.00730205 -0.0574656     585.61
         0   0.992023   0.126054   -82.2811
 0.0579277   0.125843  -0.990357    56.9295
         0          0          0          1
 -0.998441 0.00683368 -0.0554055    586.007
         0   0.992479   0.122412    -81.975
 0.0558254   0.122221  -0.990932     56.965
         0          0          0          1
 -0.998399  0.0068338 -0.0561509    586.408
         0   0.992675   0.120813    -81.671
 0.0565652   0.120619  -0.991086    56.9906
         0          0          0          1
  -0.99844  0.0066462 -0.0554462    586.807
         0   0.992892   0.119016   -81.3668
 0.0558431    0.11883  -0.991343     57.006
         0          0          0          1
 -0.998483 0.00635121  -0.054698    587.207
         0   0.993326   0.115339   -81.0606
 0.0550655   0.115164  -0.991819    57.0617
         0          0          0          1
 -0.998447 0.00628253 -0.0553537    587.607
         0   0.993621   0.112774   -80.7556
 0.0557091   0.112599  -0.992078    57.1082
         0          0          0          1
 -0.998462 0.00599579 -0.0551222    588.007
         0   0.994136   0.108135   -80.4486
 0.0554473   0.107969  -0.992607    57.1205
         0          0          0          1
  -0.99844 0.00579939 -0.0555394    588.408
         0   0.994592   0.103855   -80.1418
 0.0558413   0.103693  -0.993041    57.1514
         0          0          0          1
 -0.998477 0.00544862 -0.0548916    588.807
         0    0.99511  0.0987762   -79.8343
 0.0551613  0.0986258  -0.993595     57.166
         0          0          0          1
 -0.998475 0.00521295 -0.0549563    589.207
         0   0.995531  0.0944324   -79.5275
  0.055203  0.0942884  -0.994013    57.2464
         0          0          0          1
  -0.99846 0.00512203 -0.0552445    589.607
         0   0.995729  0.0923198    -79.223
 0.0554814  0.0921776  -0.994196    57.2939
         0          0          0          1
 -0.998487 0.00469931  -0.054794    590.007
         0   0.996343  0.0854495   -78.9137
 0.0549952  0.0853202  -0.994835      57.32
         0          0          0          1
 -0.998482 0.00452873 -0.0548879    590.407
         0   0.996613  0.0822293    -78.608
 0.0550744  0.0821045  -0.995101    57.3077
         0          0          0          1
-0.998426 0.0044364 -0.055916   590.808
        0  0.996867 0.0790919  -78.3024
0.0560917 0.0789674 -0.995298   57.3427
        0         0         0         1
 -0.998526 0.00406313 -0.0541244    591.206
         0   0.997194  0.0748595   -77.9958
 0.0542767  0.0747492  -0.995724    57.3487
         0          0          0          1
 -0.998436  0.0040767 -0.0557656    591.608
         0   0.997339  0.0729095   -77.6914
 0.0559145  0.0727955  -0.995778    57.4075
         0          0          0          1
 -0.998395 0.00407342  -0.056487    592.009
         0    0.99741  0.0719258    -77.388
 0.0566336  0.0718103  -0.995809    57.4088
         0          0          0          1
 -0.998537 0.00358194 -0.0539597    592.406
         0   0.997804   0.066236   -77.0798
 0.0540785   0.066139  -0.996344    57.4133
         0          0          0          1
 -0.998508 0.00354683 -0.0544987    592.807
         0   0.997889  0.0649435   -76.7761
  0.054614  0.0648466    -0.9964    57.4376
         0          0          0          1
 -0.998473 0.00352098 -0.0551215    593.207
         0   0.997966  0.0637469   -76.4725
 0.0552338  0.0636495  -0.996443    57.4583
         0          0          0          1
 -0.998421 0.00353159 -0.0560692    593.608
         0   0.998022  0.0628617   -76.1691
 0.0561803  0.0627624  -0.996446    57.4246
         0          0          0          1
 -0.998452 0.00338461 -0.0555164    594.008
         0   0.998147   0.060853   -75.8647
 0.0556194  0.0607588  -0.996602    57.4215
         0          0          0          1
  -0.99841 0.00329955 -0.0562687    594.408
         0   0.998285  0.0585386   -75.5599
 0.0563654  0.0584455  -0.996698    57.3495
         0          0          0          1
 -0.998269 0.00335318 -0.0587216    594.811
         0   0.998374  0.0570102    -75.256
 0.0588173  0.0569115  -0.996645    57.3679
         0          0          0          1
 -0.998179 0.00336122 -0.0602299    595.212
         0   0.998446  0.0557197   -74.9522
 0.0603236  0.0556182  -0.996628    57.3279
         0          0          0          1
 -0.997952 0.00353278 -0.0638653    595.616
         0   0.998474  0.0552317   -74.6493
 0.0639629  0.0551186  -0.996429    57.3306
         0          0          0          1
 -0.997751 0.00355555 -0.0669387    596.019
         0   0.998592  0.0530417   -74.3447
 0.0670331  0.0529224  -0.996346    57.2632
         0          0          0          1
 -0.997519 0.00350414  -0.070307    596.422
         0    0.99876  0.0497788    -74.039
 0.0703943  0.0496553  -0.996283    57.2218
         0          0          0          1
 -0.997414 0.00344284 -0.0717876    596.824
         0   0.998852  0.0479036   -73.7347
 0.0718701  0.0477797  -0.996269    57.1245
         0          0          0          1
 -0.996948 0.00367876 -0.0779776     597.23
         0   0.998889  0.0471248   -73.4315
 0.0780643   0.046981  -0.995841    57.1415
         0          0          0          1
 -0.996586 0.00383168 -0.0824702    597.635
         0   0.998922  0.0464113   -73.1283
 0.0825592  0.0462529  -0.995512    57.1156
         0          0          0          1
 -0.996444 0.00388634 -0.0841678    598.036
         0   0.998936  0.0461245   -72.8256
 0.0842575  0.0459605  -0.995383     57.053
         0          0          0          1
 -0.995972 0.00382677  -0.089583    598.442
         0   0.999089  0.0426787   -72.5197
 0.0896646  0.0425068  -0.995065    57.0079
         0          0          0          1
 -0.995955 0.00358644 -0.0897777    598.842
         0   0.999203  0.0399162   -72.2145
 0.0898493  0.0397548  -0.995162    56.9233
         0          0          0          1
 -0.995808  0.0036578 -0.0913921    599.243
         0     0.9992  0.0399911   -71.9121
 0.0914653  0.0398235  -0.995012    56.9435
         0          0          0          1
 -0.995565 0.00388235 -0.0939915    599.646
         0   0.999148  0.0412701    -71.611
 0.0940716  0.0410871  -0.994717    56.8588
         0          0          0          1
 -0.995492 0.00382012 -0.0947734    600.047
         0   0.999189  0.0402753   -71.3075
 0.0948504  0.0400937  -0.994684    56.8664
         0          0          0          1
 -0.995435 0.00365804 -0.0953754    600.447
         0   0.999265   0.038326   -71.0031
 0.0954455   0.038151  -0.994703    56.8511
         0          0          0          1
 -0.995477 0.00351053 -0.0949349    600.847
         0   0.999317   0.036953   -70.6993
 0.0949997  0.0367859  -0.994797    56.8135
         0          0          0          1
 -0.995412 0.00353346 -0.0956144    601.248
         0   0.999318  0.0369301   -70.3969
 0.0956797  0.0367607  -0.994733    56.8189
         0          0          0          1
  -0.99537 0.00361369 -0.0960466    601.648
         0   0.999293  0.0375977   -70.0951
 0.0961146  0.0374236  -0.994667    56.7772
         0          0          0          1
   -0.9955  0.0033882 -0.0947034    602.047
         0   0.999361  0.0357541   -69.7908
  0.094764  0.0355932  -0.994863    56.7332
         0          0          0          1
