  -0.998693 0.000930242  -0.0511038     736.369
          0    0.999834      0.0182    -92.8836
  0.0511123   0.0181762   -0.998527       58.98
          0           0           0           1
  -0.998692 0.000935205  -0.0511161     736.426
          0    0.999833   0.0182926     -93.398
  0.0511247   0.0182687   -0.998525       58.98
          0           0           0           1
  -0.998694 0.000941179  -0.0510865     736.483
          0     0.99983   0.0184201    -93.9124
  0.0510952   0.0183961   -0.998524     58.9654
          0           0           0           1
   -0.99869 0.000958468  -0.0511613      736.54
          0    0.999825   0.0187309     -94.427
  0.0511703   0.0187064   -0.998515     58.9556
          0           0           0           1
  -0.998692 0.000975408  -0.0511111     736.597
          0    0.999818   0.0190806    -94.9416
  0.0511205   0.0190556   -0.998511     58.9421
          0           0           0           1
 -0.998695 0.00099752 -0.0510709    736.654
         0   0.999809  0.0195283   -95.4564
 0.0510807  0.0195028  -0.998504    58.9335
         0          0          0          1
 -0.998695 0.00101595 -0.0510587    736.711
         0   0.999802  0.0198938    -95.971
 0.0510688  0.0198678  -0.998497    58.9176
         0          0          0          1
 -0.998691 0.00104753 -0.0511326    736.769
         0    0.99979  0.0204822   -96.4859
 0.0511433  0.0204554  -0.998482    58.8962
         0          0          0          1
 -0.998678 0.00108459 -0.0513943    736.826
         0   0.999777  0.0210987   -97.0008
 0.0514057  0.0210708  -0.998456    58.8871
         0          0          0          1
 -0.998662 0.00111919 -0.0516912    736.883
         0   0.999766  0.0216464   -97.5156
 0.0517033  0.0216174  -0.998428    58.8678
         0          0          0          1
 -0.998661 0.00113498 -0.0517275    736.941
         0   0.999759  0.0219362   -98.0302
   0.05174  0.0219068   -0.99842    58.8455
         0          0          0          1
 -0.998648 0.00115101 -0.0519639    736.998
         0   0.999755  0.0221448   -98.5447
 0.0519767  0.0221149  -0.998403    58.8268
         0          0          0          1
  -0.99864 0.00115822  -0.052126    737.055
         0   0.999753  0.0222141   -99.0591
 0.0521388  0.0221839  -0.998393    58.8172
         0          0          0          1
 -0.998632  0.0011781 -0.0522709    737.113
         0   0.999746  0.0225326   -99.5737
 0.0522841  0.0225018  -0.998379    58.8019
         0          0          0          1
 -0.998629 0.00118799 -0.0523239     737.17
         0   0.999742  0.0226986   -100.088
 0.0523374  0.0226675  -0.998372    58.7813
         0          0          0          1
 -0.998618 0.00120107 -0.0525495    737.227
         0   0.999739    0.02285   -100.603
 0.0525633  0.0228184  -0.998357    58.7606
         0          0          0          1
 -0.998619 0.00121782 -0.0525157    737.284
         0   0.999731  0.0231833   -101.117
 0.0525299  0.0231513  -0.998351    58.7221
         0          0          0          1
  -0.99861 0.00121872 -0.0526958    737.342
         0   0.999733  0.0231213   -101.631
 0.0527099  0.0230891  -0.998343     58.709
         0          0          0          1
    -0.9988 0.000941549   -0.048956     737.395
          0    0.999815    0.019229    -102.142
  0.0489651   0.0192059   -0.998616     58.6891
          0           0           0           1
  -0.998896 0.000812835  -0.0469699      737.45
          0     0.99985   0.0173028    -102.654
  0.0469769   0.0172837   -0.998746     58.6644
          0           0           0           1
  -0.998955 0.000753583  -0.0457033     737.506
          0    0.999864   0.0164863    -103.168
  0.0457096   0.0164691   -0.998819     58.6407
          0           0           0           1
  -0.999028 0.000690776  -0.0440659     737.562
          0    0.999877   0.0156741    -103.681
  0.0440713   0.0156588   -0.998906      58.643
          0           0           0           1
  -0.999068 0.000653066  -0.0431559     737.618
          0    0.999886    0.015131    -104.195
  0.0431608   0.0151169   -0.998954     58.6371
          0           0           0           1
 -0.999068 0.00065984 -0.0431475    737.675
         0   0.999883  0.0152909   -104.709
 0.0431526  0.0152766  -0.998952    58.6357
         0          0          0          1
    -0.9991 0.000614565  -0.0424217     737.731
          0    0.999895   0.0144855    -105.223
  0.0424261   0.0144725   -0.998995      58.638
          0           0           0           1
  -0.999128 0.000587004  -0.0417418     737.788
          0    0.999901   0.0140613    -105.737
  0.0417459   0.0140491   -0.999029     58.6387
          0           0           0           1
  -0.999106 0.000568304  -0.0422672     737.845
          0     0.99991   0.0134443     -106.25
  0.0422711   0.0134323   -0.999016     58.6385
          0           0           0           1
  -0.999131 0.000534616  -0.0416845     737.902
          0    0.999918   0.0128242    -106.764
   0.041688   0.0128131   -0.999049     58.6385
          0           0           0           1
  -0.999117 0.000521537  -0.0420032      737.96
          0    0.999923   0.0124156    -107.278
  0.0420064   0.0124047    -0.99904     58.6385
          0           0           0           1
  -0.999137 0.000484244  -0.0415446     738.016
          0    0.999932   0.0116552    -107.791
  0.0415475   0.0116451   -0.999069     58.6385
          0           0           0           1
  -0.999108 0.000478681  -0.0422222     738.074
          0    0.999936   0.0113365    -108.305
  0.0422249   0.0113264   -0.999044     58.6385
          0           0           0           1
    -0.9991 0.000478775  -0.0424216     738.131
          0    0.999936   0.0112854     -108.82
  0.0424243   0.0112752   -0.999036     58.6385
          0           0           0           1
 -0.999118 0.00045159 -0.0419941    738.188
         0   0.999942   0.010753   -109.333
 0.0419966  0.0107435   -0.99906    58.6385
         0          0          0          1
 -0.999098 0.00045415 -0.0424618    738.246
         0   0.999943  0.0106949   -109.848
 0.0424642  0.0106852  -0.999041    58.6385
         0          0          0          1
  -0.999114 0.000436968  -0.0420944     738.302
          0    0.999946   0.0103801    -110.362
  0.0420967   0.0103709    -0.99906     58.6385
          0           0           0           1
  -0.999104 0.000438179   -0.042331      738.36
          0    0.999946   0.0103507    -110.876
  0.0423333   0.0103414    -0.99905     58.6385
          0           0           0           1
  -0.999104 0.000438179   -0.042331      738.36
          0    0.999946   0.0103507    -110.876
  0.0423333   0.0103414    -0.99905     58.6385
          0           0           0           1
  -0.999169 0.000394359  -0.0407506     738.763
          0    0.999953  0.00967694    -110.577
  0.0407525   0.0096689   -0.999122     58.6386
          0           0           0           1
  -0.999196 0.000388438  -0.0401024     739.167
          0    0.999953  0.00968569     -110.28
  0.0401043   0.0096779   -0.999149     58.6386
          0           0           0           1
   -0.99925 0.000339083  -0.0387215      739.57
          0    0.999962  0.00875664    -109.981
   0.038723  0.00875007   -0.999212     58.6387
          0           0           0           1
    -0.9993 0.000315038  -0.0374087     739.973
          0    0.999965  0.00842121    -109.683
    0.03741  0.00841531   -0.999265     58.6387
          0           0           0           1
  -0.999354 0.000293315  -0.0359325     740.376
          0    0.999967  0.00816267    -109.385
  0.0359337   0.0081574   -0.999321     58.6388
          0           0           0           1
  -0.999409 0.000256946  -0.0343751     740.779
          0    0.999972  0.00747456    -109.086
  0.0343761  0.00747014   -0.999381     58.6388
          0           0           0           1
 -0.999454 0.00023459 -0.0330452    741.182
         0   0.999975  0.0070989   -108.788
  0.033046 0.00709502  -0.999429    58.6389
         0          0          0          1
  -0.999493 0.000211918   -0.031841     741.585
          0    0.999978  0.00665535     -108.49
  0.0318417  0.00665198   -0.999471     58.6389
          0           0           0           1
  -0.999524 0.000196843  -0.0308577     741.989
          0     0.99998  0.00637894    -108.192
  0.0308583   0.0063759   -0.999503     58.6389
          0           0           0           1
   -0.99956 0.000178493  -0.0296705     742.392
          0    0.999982  0.00601573    -107.894
  0.0296711  0.00601308   -0.999542      58.639
          0           0           0           1
  -0.999588 0.000148922  -0.0287061     742.796
          0    0.999987  0.00518773    -107.595
  0.0287065   0.0051856   -0.999574      58.639
          0           0           0           1
  -0.999614 0.000140529  -0.0277757     743.199
          0    0.999987  0.00505935    -107.297
  0.0277761   0.0050574   -0.999601      58.639
          0           0           0           1
  -0.999653 0.000101354  -0.0263307     743.602
          0    0.999993  0.00384926    -106.998
  0.0263309  0.00384792   -0.999646     58.6391
          0           0           0           1
  -0.999669 7.85974e-05  -0.0257408     744.006
          0    0.999995   0.0030534      -106.7
   0.025741  0.00305239   -0.999664     58.6391
          0           0           0           1
  -0.999696 5.89719e-05  -0.0246544      744.41
          0    0.999997  0.00239194    -106.402
  0.0246545  0.00239121   -0.999693     58.6391
          0           0           0           1
  -0.999709 4.55505e-05  -0.0241264     744.814
          0    0.999998  0.00188799    -106.103
  0.0241264  0.00188744   -0.999707     58.6391
          0           0           0           1
 -0.999729 3.6415e-05 -0.0232869    745.217
         0   0.999999 0.00156375   -105.805
 0.0232869 0.00156333  -0.999728    58.6392
         0          0          0          1
  -0.999743 1.74384e-05  -0.0226677     745.621
          0           1 0.000769307    -105.507
  0.0226677 0.000769109   -0.999743     58.6392
          0           0           0           1
   -0.99976 2.32209e-06  -0.0219151     746.025
          0           1 0.000105959    -105.208
  0.0219151 0.000105933    -0.99976     58.6392
          0           0           0           1
    -0.99978 -1.55527e-05   -0.0209629      746.428
           0            1 -0.000741917      -104.91
   0.0209629 -0.000741754     -0.99978      58.6392
           0            0            0            1
   -0.999808 -2.86801e-05   -0.0196111      746.831
           0     0.999999  -0.00146244     -104.611
   0.0196111  -0.00146216    -0.999807      58.6392
           0            0            0            1
   -0.999826 -4.77009e-05   -0.0186339      747.235
           0     0.999997  -0.00255989     -104.312
   0.0186339  -0.00255945    -0.999823      58.6393
           0            0            0            1
   -0.999838 -4.47871e-05   -0.0180244      747.639
           0     0.999997   -0.0024848     -104.015
   0.0180244   -0.0024844    -0.999834      58.6393
           0            0            0            1
   -0.999848 -5.85478e-05   -0.0174472      748.043
           0     0.999994   -0.0033557     -103.716
   0.0174473  -0.00335519    -0.999842      58.6393
           0            0            0            1
   -0.999858 -5.66821e-05    -0.016874      748.447
           0     0.999994  -0.00335912     -103.418
   0.0168741  -0.00335864    -0.999852      58.6393
           0            0            0            1
    -0.99988 -6.91963e-05   -0.0154745       748.85
           0      0.99999  -0.00447157     -103.119
   0.0154747  -0.00447104     -0.99987      58.6393
           0            0            0            1
   -0.999893 -7.17334e-05   -0.0146573      749.254
           0     0.999988  -0.00489397     -102.821
   0.0146575  -0.00489344    -0.999881      58.6393
           0            0            0            1
     -0.9999 -7.15413e-05   -0.0141505      749.657
           0     0.999987  -0.00505567     -102.523
   0.0141507  -0.00505516    -0.999887      58.6393
           0            0            0            1
   -0.999909 -8.13346e-05   -0.0134922      750.061
           0     0.999982  -0.00602815     -102.225
   0.0134925   -0.0060276    -0.999891      58.6393
           0            0            0            1
   -0.999929 -7.36086e-05   -0.0119509      750.464
           0     0.999981  -0.00615915     -101.927
   0.0119511  -0.00615871     -0.99991      58.6394
           0            0            0            1
   -0.99993  -7.429e-05   -0.011832     750.869
          0     0.99998 -0.00627864    -101.629
  0.0118322  -0.0062782    -0.99991     58.6394
          0           0           0           1
   -0.999935 -7.35785e-05   -0.0113928      751.273
           0     0.999979  -0.00645821     -101.331
    0.011393  -0.00645779    -0.999914      58.6394
           0            0            0            1
   -0.999946 -7.01539e-05   -0.0103704      751.676
           0     0.999977  -0.00676466     -101.033
   0.0103706   -0.0067643    -0.999923      58.6394
           0            0            0            1
   -0.999952 -7.12327e-05  -0.00978402       752.08
           0     0.999973  -0.00728032     -100.735
  0.00978428  -0.00727997    -0.999926      58.6394
           0            0            0            1
  -0.999958 -6.9771e-05 -0.00911698     752.484
          0    0.999971 -0.00765264    -100.436
 0.00911725 -0.00765232   -0.999929     58.6394
          0           0           0           1
  -0.999963 -7.1834e-05 -0.00855609     752.888
          0    0.999965 -0.00839536    -100.138
 0.00855639 -0.00839505   -0.999928     58.6394
          0           0           0           1
    -0.99997 -6.46647e-05  -0.00780905      753.292
           0     0.999966  -0.00828046     -99.8403
  0.00780932   -0.0082802    -0.999935      58.6394
           0            0            0            1
   -0.999972 -6.33473e-05  -0.00750033      753.696
           0     0.999964  -0.00844563     -99.5424
  0.00750059   -0.0084454    -0.999936      58.6394
           0            0            0            1
   -0.999974 -6.62616e-05  -0.00715753        754.1
           0     0.999957  -0.00925721     -99.2438
  0.00715784  -0.00925697    -0.999932      58.6394
           0            0            0            1
  -0.999977 -6.2767e-05 -0.00676038     754.504
          0    0.999957 -0.00928415     -98.946
 0.00676067 -0.00928393   -0.999934     58.6394
          0           0           0           1
   -0.999982 -5.90079e-05   -0.0059231      754.908
           0      0.99995  -0.00996184     -98.6476
   0.0059234  -0.00996167    -0.999933      58.6394
           0            0            0            1
  -0.999981 -6.1943e-05 -0.00621104     755.312
          0     0.99995 -0.00997256    -98.3498
 0.00621135 -0.00997236   -0.999931     58.6394
          0           0           0           1
   -0.999987 -5.41704e-05  -0.00516183      755.716
           0     0.999945   -0.0104938     -98.0516
  0.00516211   -0.0104937    -0.999932      58.6394
           0            0            0            1
   -0.999987 -5.63367e-05  -0.00502811       756.12
           0     0.999937   -0.0112036     -97.7531
  0.00502843   -0.0112035    -0.999925      58.6394
           0            0            0            1
   -0.999989 -5.40658e-05  -0.00458369      756.524
           0      0.99993   -0.0117944     -97.4548
  0.00458401   -0.0117943     -0.99992      58.6394
           0            0            0            1
   -0.999994 -4.24867e-05  -0.00347342      756.928
           0     0.999925   -0.0122311     -97.1566
  0.00347368    -0.012231    -0.999919      58.6394
           0            0            0            1
  -0.999993 -5.0144e-05 -0.00381775     757.333
          0    0.999914  -0.0131333    -96.8579
 0.00381808  -0.0131332   -0.999906     58.6393
          0           0           0           1
   -0.999994 -4.76674e-05    -0.003565      757.737
           0     0.999911   -0.0133697     -96.5599
  0.00356532   -0.0133697    -0.999904      58.6393
           0            0            0            1
   -0.999994 -5.12263e-05  -0.00352075      758.141
           0     0.999894   -0.0145483      -96.261
  0.00352113   -0.0145482    -0.999888      58.6393
           0            0            0            1
   -0.999997 -3.85795e-05   -0.0025727      758.545
           0     0.999888    -0.014994     -95.9628
  0.00257299    -0.014994    -0.999884      58.6393
           0            0            0            1
  -0.999998 -2.7825e-05 -0.00177081     758.948
          0    0.999877  -0.0157112    -95.6643
 0.00177103  -0.0157112   -0.999875     58.6393
          0           0           0           1
   -0.999998 -3.12629e-05   -0.0019397      759.353
           0      0.99987   -0.0161153     -95.3662
  0.00193996   -0.0161153    -0.999868      58.6393
           0            0            0            1
   -0.999999 -2.00923e-05  -0.00116569      759.757
           0     0.999851   -0.0172339     -95.0673
  0.00116586   -0.0172339    -0.999851      58.6393
           0            0            0            1
          -1 -1.35962e-05  -0.00078162      760.161
           0     0.999849   -0.0173923     -94.7694
 0.000781739   -0.0173923    -0.999848      58.6393
           0            0            0            1
          -1 -1.11335e-05 -0.000605765      760.565
           0     0.999831   -0.0183761     -94.4706
 0.000605868   -0.0183761    -0.999831      58.6393
           0            0            0            1
          -1 -8.82398e-06  -0.00049087       760.97
           0     0.999838   -0.0179733     -94.1733
  0.00049095   -0.0179733    -0.999838      58.6393
           0            0            0            1
          -1  2.23456e-08   1.1758e-06      761.374
           0     0.999819   -0.0190011     -93.8745
-1.17602e-06   -0.0190011    -0.999819      58.6393
           0            0            0            1
          -1  1.77615e-05  0.000912136      761.777
           0      0.99981   -0.0194688     -93.5763
-0.000912309   -0.0194688     -0.99981      58.6393
           0            0            0            1
  -0.999999  2.7741e-05  0.00134513     762.181
          0    0.999787  -0.0206189    -93.2774
-0.00134541  -0.0206189   -0.999787     58.6392
          0           0           0           1
  -0.999999 3.04106e-05  0.00146002     762.586
          0    0.999783  -0.0208244    -92.9794
-0.00146034  -0.0208244   -0.999782     58.6392
          0           0           0           1
  -0.999998 4.40136e-05  0.00208082      762.99
          0    0.999776  -0.0211473    -92.6814
-0.00208129  -0.0211473   -0.999774     58.6392
          0           0           0           1
  -0.999996 5.78163e-05  0.00265957     763.393
          0    0.999764  -0.0217339     -92.383
 -0.0026602  -0.0217338    -0.99976     58.6392
          0           0           0           1
  -0.999996 6.75324e-05  0.00295417     763.798
          0    0.999739  -0.0228541    -92.0841
-0.00295494   -0.022854   -0.999734     58.6392
          0           0           0           1
  -0.999996 6.52399e-05  0.00286439     764.202
          0    0.999741  -0.0227702    -91.7865
-0.00286514  -0.0227701   -0.999737     58.6392
          0           0           0           1
  -0.999994 8.11807e-05  0.00331575     764.606
          0      0.9997   -0.024476     -91.487
-0.00331675  -0.0244759   -0.999695     58.6391
          0           0           0           1
  -0.999992 9.99103e-05  0.00410501      765.01
          0    0.999704  -0.0243314    -91.1894
-0.00410622  -0.0243312   -0.999696     58.6391
          0           0           0           1
  -0.999989 0.000119053  0.00470124     765.414
          0     0.99968  -0.0253157    -90.8907
-0.00470275  -0.0253154   -0.999668     58.6391
          0           0           0           1
  -0.999988 0.000122769  0.00480108     765.818
          0    0.999673  -0.0255628    -90.5927
-0.00480265  -0.0255625   -0.999662     58.6391
          0           0           0           1
  -0.999987 0.000135021  0.00509453     766.223
          0    0.999649  -0.0264938     -90.294
-0.00509632  -0.0264934   -0.999636     58.6391
          0           0           0           1
  -0.999981 0.000166019  0.00621269     766.626
          0    0.999643   -0.026713     -89.996
-0.00621491  -0.0267125   -0.999624     58.6391
          0           0           0           1
  -0.999978 0.000182088   0.0065571      767.03
          0    0.999615  -0.0277589    -89.6972
-0.00655962  -0.0277583   -0.999593      58.639
          0           0           0           1
  -0.999973 0.000211843  0.00736363     767.434
          0    0.999586   -0.028757    -89.3985
-0.00736667  -0.0287562   -0.999559      58.639
          0           0           0           1
  -0.999974  0.00020989  0.00726055     767.838
          0    0.999582  -0.0288962    -89.1006
-0.00726359  -0.0288955   -0.999556      58.639
          0           0           0           1
   -0.99997 0.000229865   0.0077867     768.242
          0    0.999565  -0.0295074    -88.8022
-0.00779009  -0.0295065   -0.999534      58.639
          0           0           0           1
  -0.999962 0.000263035  0.00874295     768.646
          0    0.999548  -0.0300718    -88.5039
-0.00874691  -0.0300707    -0.99951      58.639
          0           0           0           1
  -0.999956 0.000283611  0.00936287      769.05
          0    0.999542  -0.0302772    -88.2059
-0.00936716  -0.0302759   -0.999498     58.6389
          0           0           0           1
  -0.999954 0.000294464  0.00961423     769.454
          0    0.999531  -0.0306136    -87.9078
-0.00961874  -0.0306122   -0.999485     58.6389
          0           0           0           1
   -0.99995 0.000311027  0.00994701     769.858
          0    0.999512  -0.0312531    -87.6095
-0.00995187  -0.0312516   -0.999462     58.6389
          0           0           0           1
 -0.999945 0.00033527  0.0104934    770.262
         0    0.99949 -0.0319343    -87.311
-0.0104988 -0.0319325  -0.999435    58.6389
         0          0          0          1
  -0.999952  0.00031888  0.00983556     770.667
          0    0.999475  -0.0324041    -87.0128
-0.00984073  -0.0324025   -0.999426     58.6389
          0           0           0           1
 -0.999934 0.00038747  0.0114574     771.07
         0   0.999429 -0.0337989   -86.7136
 -0.011464 -0.0337967  -0.999363    58.6388
         0          0          0          1
  -0.999942 0.000364173   0.0107721     771.475
          0    0.999429  -0.0337879    -86.4159
 -0.0107782  -0.0337859   -0.999371     58.6388
          0           0           0           1
   -0.99994 0.000369614    0.010982      771.88
          0    0.999434  -0.0336373    -86.1183
 -0.0109882  -0.0336353   -0.999374     58.6388
          0           0           0           1
  -0.999937 0.000388645   0.0111844     772.284
          0    0.999397  -0.0347278    -85.8195
 -0.0111912  -0.0347256   -0.999334     58.6388
          0           0           0           1
  -0.999938 0.000388634   0.0110879     772.688
          0    0.999386  -0.0350287    -85.5214
 -0.0110947  -0.0350266   -0.999325     58.6388
          0           0           0           1
  -0.999934 0.000416578    0.011513     773.093
          0    0.999346  -0.0361595    -85.2225
 -0.0115206  -0.0361571    -0.99928     58.6387
          0           0           0           1
  -0.999932 0.000437837   0.0116318     773.497
          0    0.999292  -0.0376148    -84.9233
   -0.01164  -0.0376123   -0.999225     58.6387
          0           0           0           1
  -0.999931 0.000457596   0.0117754     773.901
          0    0.999246  -0.0388312    -84.6243
 -0.0117843  -0.0388285   -0.999176     58.6386
          0           0           0           1
  -0.999935 0.000438174   0.0113597     774.306
          0    0.999257  -0.0385439    -84.3269
 -0.0113682  -0.0385414   -0.999192     58.6386
          0           0           0           1
  -0.999931 0.000465059   0.0117334      774.71
          0    0.999215  -0.0396045    -84.0281
 -0.0117426  -0.0396018   -0.999147     58.6386
          0           0           0           1
  -0.999939 0.000433571   0.0109979     775.115
          0    0.999224  -0.0393924    -83.7305
 -0.0110065    -0.03939   -0.999163     58.6386
          0           0           0           1
   -0.99994 0.000442925   0.0109859      775.52
          0    0.999188   -0.040285    -83.4319
 -0.0109948  -0.0402825   -0.999128     58.6386
          0           0           0           1
   -0.99993 0.000502497    0.011854     775.924
          0    0.999103  -0.0423524    -83.1321
 -0.0118647  -0.0423494   -0.999032     58.6385
          0           0           0           1
  -0.999942 0.000460172   0.0107477     776.329
          0    0.999085  -0.0427768    -82.8339
 -0.0107575  -0.0427743   -0.999027     58.6385
          0           0           0           1
  -0.999938 0.000471898   0.0111184     776.733
          0    0.999101  -0.0424047    -82.5365
 -0.0111284  -0.0424021   -0.999039     58.6385
          0           0           0           1
  -0.999942 0.000469349    0.010714     777.138
          0    0.999042  -0.0437653    -82.2374
 -0.0107242  -0.0437628   -0.998984     58.6384
          0           0           0           1
  -0.999945 0.000467589   0.0105036     777.543
          0    0.999011  -0.0444729    -81.9389
  -0.010514  -0.0444705   -0.998955     58.6384
          0           0           0           1
  -0.999948 0.000451047   0.0101417     777.948
          0    0.999012  -0.0444308    -81.6412
 -0.0101517  -0.0444285   -0.998961     58.6384
          0           0           0           1
  -0.999939 0.000514364   0.0110585     778.351
          0     0.99892  -0.0464627    -81.3414
 -0.0110705  -0.0464598   -0.998859     58.6383
          0           0           0           1
  -0.999942 0.000507777   0.0107192     778.756
          0     0.99888  -0.0473178    -81.0428
 -0.0107312   -0.047315   -0.998822     58.6383
          0           0           0           1
  -0.999936 0.000549291   0.0113234      779.16
          0    0.998825  -0.0484526    -80.7439
 -0.0113367  -0.0484494   -0.998761     58.6382
          0           0           0           1
  -0.999933 0.000567914   0.0115949     779.564
          0    0.998803  -0.0489211    -80.4457
 -0.0116088  -0.0489179   -0.998735     58.6382
          0           0           0           1
 -0.999942 0.00055345  0.0107982     779.97
         0   0.998689 -0.0511869   -80.1457
-0.0108123 -0.0511839  -0.998631    58.6381
         0          0          0          1
  -0.999943 0.000532974   0.0106879     780.374
          0    0.998759  -0.0498052    -79.8493
 -0.0107012  -0.0498024   -0.998702     58.6381
          0           0           0           1
  -0.999926 0.000624335   0.0121571     780.777
          0    0.998684  -0.0512882    -79.5501
 -0.0121731  -0.0512844    -0.99861     58.6381
          0           0           0           1
  -0.999925 0.000641694   0.0122306     781.182
          0    0.998626  -0.0523943    -79.2512
 -0.0122474  -0.0523903   -0.998552      58.638
          0           0           0           1
  -0.999928 0.000640262    0.012011     781.586
          0    0.998582  -0.0532305    -78.9526
 -0.0120281  -0.0532267    -0.99851      58.638
          0           0           0           1
  -0.999937 0.000592384   0.0111704     781.992
          0    0.998597  -0.0529574    -78.6552
 -0.0111861  -0.0529541   -0.998534      58.638
          0           0           0           1
  -0.999935 0.000628132   0.0113541     782.396
          0    0.998473  -0.0552375    -78.3551
 -0.0113715   -0.055234   -0.998409     58.6378
          0           0           0           1
  -0.999913 0.000725503   0.0131941     782.799
          0    0.998492   -0.054904    -78.0577
  -0.013214  -0.0548992   -0.998404     58.6378
          0           0           0           1
  -0.999922 0.000694344   0.0124671     783.204
          0    0.998453   -0.055608    -77.7593
 -0.0124864  -0.0556036   -0.998375     58.6378
          0           0           0           1
  -0.999919 0.000714683   0.0126908     783.608
          0    0.998418  -0.0562257    -77.4609
  -0.012711  -0.0562212   -0.998337     58.6378
          0           0           0           1
  -0.999908 0.000774297   0.0135185     784.012
          0    0.998364  -0.0571829    -77.1622
 -0.0135407  -0.0571777   -0.998272     58.6377
          0           0           0           1
  -0.999898 0.000830266   0.0142278     784.416
          0    0.998302   -0.058256    -76.8633
  -0.014252  -0.0582501     -0.9982     58.6376
          0           0           0           1
  -0.999891 0.000882219   0.0147679      784.82
          0     0.99822  -0.0596326    -76.5642
 -0.0147943   -0.059626   -0.998111     58.6376
          0           0           0           1
 -0.999882 0.00093009  0.0153382    785.224
         0   0.998167 -0.0605278   -76.2656
-0.0153663 -0.0605206  -0.998049    58.6375
         0          0          0          1
 -0.999856 0.00102971  0.0169321    785.626
         0   0.998156 -0.0607021   -75.9676
-0.0169634 -0.0606933  -0.998012    58.6375
         0          0          0          1
  -0.999869 0.000992348   0.0161349     786.032
          0    0.998114  -0.0613872    -75.6692
 -0.0161654  -0.0613792   -0.997984     58.6374
          0           0           0           1
 -0.999833 0.00113404  0.0182518    786.434
         0   0.998075 -0.0620135   -75.3708
 -0.018287 -0.0620032  -0.997908    58.6373
         0          0          0          1
 -0.999817 0.00119943  0.0191028    786.838
         0   0.998035 -0.0626649   -75.0724
-0.0191404 -0.0626534  -0.997852    58.6373
         0          0          0          1
 -0.999807  0.0012701  0.0196154    787.242
         0    0.99791 -0.0646147   -74.7727
-0.0196565 -0.0646022  -0.997717    58.6372
         0          0          0          1
 -0.999777 0.00133405  0.0210541    787.645
         0   0.997999 -0.0632359   -74.4763
-0.0210964 -0.0632218  -0.997777    58.6372
         0          0          0          1
 -0.999758 0.00141176  0.0219354    788.048
         0   0.997935  -0.064227   -74.1776
-0.0219808 -0.0642114  -0.997694    58.6371
         0          0          0          1
 -0.999725 0.00152645  0.0234089    788.451
         0   0.997881 -0.0650697    -73.879
-0.0234586 -0.0650518  -0.997606     58.637
         0          0          0          1
 -0.999707 0.00158589  0.0241668    788.855
         0   0.997854  -0.065482   -73.5808
-0.0242187 -0.0654628  -0.997561     58.637
         0          0          0          1
 -0.999686 0.00162728   0.025012    789.259
         0    0.99789 -0.0649229   -73.2836
-0.0250649 -0.0649025  -0.997577     58.637
         0          0          0          1
  -0.99963 0.00182415  0.0271426    789.661
         0   0.997749 -0.0670548   -72.9838
-0.0272039   -0.06703   -0.99738    58.6368
         0          0          0          1
 -0.999595 0.00185906  0.0283795    790.064
         0   0.997861 -0.0653669   -72.6877
-0.0284404 -0.0653405  -0.997458    58.6369
         0          0          0          1
 -0.999546 0.00202449  0.0300769    790.467
         0   0.997742 -0.0671585   -72.3882
 -0.030145  -0.067128  -0.997289    58.6367
         0          0          0          1
 -0.999492  0.0021372  0.0317844     790.87
         0   0.997747 -0.0670892   -72.0905
-0.0318562 -0.0670551  -0.997241    58.6367
         0          0          0          1
 -0.999455 0.00223184    0.03294    791.273
         0   0.997713 -0.0675998   -71.7922
-0.0330155 -0.0675629  -0.997169    58.6366
         0          0          0          1
  -0.99942 0.00231651  0.0339879    791.677
         0   0.997685 -0.0679992   -71.4941
-0.0340668 -0.0679597  -0.997106    58.6365
         0          0          0          1
 -0.999403 0.00235366  0.0344649    792.081
         0   0.997676 -0.0681328   -71.1962
-0.0345452 -0.0680922  -0.997081    58.6365
         0          0          0          1
 -0.999353 0.00247323  0.0358798    792.484
         0   0.997633 -0.0687677   -70.8978
-0.0359649 -0.0687232  -0.996987    58.6364
         0          0          0          1
 -0.999337 0.00253005  0.0363163    792.888
         0   0.997582 -0.0694986   -70.5993
-0.0364044 -0.0694525  -0.996921    58.6364
         0          0          0          1
 -0.999334 0.00257074  0.0363951    793.292
         0   0.997515 -0.0704588   -70.3006
-0.0364857 -0.0704118  -0.996851    58.6363
         0          0          0          1
 -0.999303 0.00265065  0.0372337    793.696
         0   0.997476 -0.0710099   -70.0023
-0.0373279 -0.0709604   -0.99678    58.6362
         0          0          0          1
  -0.99933 0.00260421  0.0365059    794.101
         0   0.997465 -0.0711559   -69.7044
-0.0365987 -0.0711083  -0.996797    58.6362
         0          0          0          1
 -0.999265 0.00276134  0.0382343    794.504
         0   0.997402  -0.072034   -69.4058
-0.0383339 -0.0719811  -0.996669    58.6361
         0          0          0          1
 -0.999219  0.0029261   0.039405    794.907
         0   0.997254 -0.0740532    -69.106
-0.0395135 -0.0739954  -0.996475    58.6359
         0          0          0          1
  -0.99918 0.00298846  0.0403814    795.311
         0   0.997273 -0.0738038   -68.8085
-0.0404919 -0.0737433  -0.996455    58.6359
         0          0          0          1
 -0.999226 0.00296589  0.0392256    795.716
         0   0.997154 -0.0753961   -68.5091
-0.0393375 -0.0753377  -0.996382    58.6358
         0          0          0          1
 -0.999253 0.00289872    0.03853    796.122
         0   0.997182 -0.0750208   -68.2118
-0.0386388 -0.0749648  -0.996437    58.6359
         0          0          0          1
 -0.999173 0.00314109   0.040544    796.524
         0   0.997012 -0.0772421   -67.9118
-0.0406655 -0.0771782  -0.996188    58.6356
         0          0          0          1
 -0.999058 0.00341341  0.0432556    796.926
         0   0.996901 -0.0786681   -67.6126
-0.0433901  -0.078594  -0.995962    58.6354
         0          0          0          1
 -0.999067 0.00350635  0.0430359    797.331
         0   0.996697 -0.0812058   -67.3123
-0.0431785 -0.0811301  -0.995768    58.6352
         0          0          0          1
 -0.999073 0.00342686  0.0429059    797.735
         0   0.996826 -0.0796157   -67.0161
-0.0430426 -0.0795419  -0.995902    58.6353
         0          0          0          1
  -0.99905 0.00352465  0.0434325    798.139
         0   0.996723 -0.0808865   -66.7171
-0.0435753 -0.0808097  -0.995777    58.6352
         0          0          0          1
 -0.999053 0.00351368  0.0433706    798.544
         0   0.996734 -0.0807507   -66.4195
-0.0435127 -0.0806742   -0.99579    58.6352
         0          0          0          1
 -0.999027 0.00365424  0.0439539    798.948
         0   0.996562 -0.0828521   -66.1197
-0.0441056 -0.0827715  -0.995592     58.635
         0          0          0          1
 -0.999014 0.00363068  0.0442405    799.352
         0   0.996649 -0.0817919    -65.823
-0.0443893 -0.0817113  -0.995667    58.6351
         0          0          0          1
 -0.999027  0.0036379  0.0439441    799.757
         0   0.996591 -0.0825025   -65.5245
-0.0440944 -0.0824222  -0.995622    58.6351
         0          0          0          1
 -0.998959 0.00377937  0.0454603     800.16
         0   0.996562 -0.0828498   -65.2264
-0.0456171 -0.0827636  -0.995525     58.635
         0          0          0          1
 -0.998919 0.00397262  0.0463119    800.563
         0   0.996341 -0.0854658    -64.926
 -0.046482 -0.0853735  -0.995264    58.6347
         0          0          0          1
 -0.998883 0.00408382  0.0470693    800.967
         0   0.996257 -0.0864371   -64.6273
-0.0472462 -0.0863406  -0.995145    58.6346
         0          0          0          1
 -0.998867 0.00413344  0.0474034    801.371
         0    0.99622 -0.0868673   -64.3291
-0.0475833 -0.0867689  -0.995091    58.6345
         0          0          0          1
 -0.998843 0.00421304  0.0479051    801.775
         0   0.996155 -0.0876074   -64.0306
  -0.04809  -0.087506  -0.995003    58.6344
         0          0          0          1
 -0.998843 0.00422494  0.0478979     802.18
         0   0.996132 -0.0878661   -63.7326
-0.0480839 -0.0877645   -0.99498    58.6344
         0          0          0          1
 -0.998794 0.00444163  0.0489022    802.583
         0   0.995901 -0.0904544   -63.4323
-0.0491035 -0.0903453  -0.994699    58.6341
         0          0          0          1
  -0.99879 0.00447075  0.0489744    802.988
         0   0.995859 -0.0909094   -63.1341
-0.0491781 -0.0907994  -0.994654    58.6341
         0          0          0          1
 -0.998752 0.00450703   0.049745    803.391
         0   0.995921 -0.0902332    -62.837
-0.0499487 -0.0901206  -0.994678    58.6341
         0          0          0          1
 -0.998749 0.00458038  0.0498001    803.796
         0   0.995797 -0.0915888   -62.5379
-0.0500103 -0.0914742  -0.994551     58.634
         0          0          0          1
 -0.998722 0.00469485  0.0503228      804.2
         0   0.995676 -0.0928913   -62.2388
-0.0505413 -0.0927726  -0.994404    58.6338
         0          0          0          1
 -0.998704 0.00477103   0.050664    804.604
         0   0.995595 -0.0937553   -61.9402
-0.0508881 -0.0936338  -0.994305    58.6337
         0          0          0          1
 -0.998724 0.00482465  0.0502731    805.009
         0   0.995427   -0.09553   -61.6407
-0.0505041 -0.0954081  -0.994156    58.6336
         0          0          0          1
 -0.998715 0.00483548  0.0504465    805.413
         0   0.995437 -0.0954163    -61.343
-0.0506777 -0.0952937  -0.994158    58.6336
         0          0          0          1
 -0.998725 0.00488666  0.0502393    805.818
         0   0.995303 -0.0968109   -61.0439
-0.0504764 -0.0966875  -0.994034    58.6335
         0          0          0          1
 -0.998689 0.00506492  0.0509298    806.222
         0   0.995091 -0.0989609    -60.744
 -0.051181 -0.0988312  -0.993787    58.6332
         0          0          0          1
 -0.998728 0.00500154  0.0501671    806.627
         0   0.995067 -0.0992057    -60.446
-0.0504158 -0.0990796  -0.993802    58.6332
         0          0          0          1
 -0.998681 0.00508068  0.0510885     807.03
         0   0.995091 -0.0989605   -60.1485
-0.0513405   -0.09883  -0.993779    58.6332
         0          0          0          1
   -0.9987 0.00514787  0.0507172    807.435
         0   0.994888  -0.100982   -59.8487
-0.0509778  -0.100851  -0.993595     58.633
         0          0          0          1
  -0.99865 0.00534107  0.0516602    807.839
         0   0.994698   -0.10284   -59.5491
-0.0519356  -0.102702  -0.993355    58.6328
         0          0          0          1
 -0.998519 0.00570849   0.054104    808.241
         0    0.99448  -0.104927   -59.2493
-0.0544043  -0.104772  -0.993007    58.6324
         0          0          0          1
 -0.998609 0.00557586    0.05244    808.647
         0   0.994395  -0.105732   -58.9507
-0.0527356  -0.105585  -0.993011    58.6325
         0          0          0          1
 -0.998632 0.00548546  0.0520037    809.052
         0   0.994483    -0.1049   -58.6538
-0.0522922  -0.104757  -0.993122    58.6326
         0          0          0          1
 -0.998593 0.00565565  0.0527212    809.456
